name: /home/acv38/project/conda_envs/hostile
channels:
  - conda-forge
  - bioconda
dependencies:
  - _libgcc_mutex=0.1=conda_forge
  - _openmp_mutex=4.5=2_gnu
  - anyio=4.3.0=pyhd8ed1ab_0
  - bedtools=2.31.1=hf5e1c6e_1
  - bowtie2=2.4.5=py310h8d7afc0_4
  - bzip2=1.0.8=hd590300_5
  - c-ares=1.28.1=hd590300_0
  - ca-certificates=2024.2.2=hbcca054_0
  - certifi=2024.2.2=pyhd8ed1ab_0
  - cffi=1.16.0=py310h2fee648_0
  - colorama=0.4.6=pyhd8ed1ab_0
  - defopt=6.4.0=pyhd8ed1ab_0
  - dnaio=1.2.0=py310h4b81fae_1
  - docutils=0.21.1=pyhd8ed1ab_0
  - exceptiongroup=1.2.0=pyhd8ed1ab_2
  - gawk=5.3.0=ha916aea_0
  - gettext=0.22.5=h59595ed_2
  - gettext-tools=0.22.5=h59595ed_2
  - gmp=6.3.0=h59595ed_1
  - h11=0.14.0=pyhd8ed1ab_0
  - h2=4.1.0=pyhd8ed1ab_0
  - hostile=1.1.0=pyhdfd78af_0
  - hpack=4.0.0=pyh9f0ad1d_0
  - htslib=1.20=h81da01d_0
  - httpcore=1.0.5=pyhd8ed1ab_0
  - httpx=0.27.0=pyhd8ed1ab_0
  - hyperframe=6.0.1=pyhd8ed1ab_0
  - icu=73.2=h59595ed_0
  - idna=3.7=pyhd8ed1ab_0
  - isa-l=2.31.0=hd590300_1
  - k8=0.2.5=hdcf5f25_4
  - keyutils=1.6.1=h166bdaf_0
  - krb5=1.21.2=h659d440_0
  - ld_impl_linux-64=2.40=h41732ed_0
  - libasprintf=0.22.5=h661eb56_2
  - libasprintf-devel=0.22.5=h661eb56_2
  - libcurl=8.7.1=hca28451_0
  - libdeflate=1.20=hd590300_0
  - libedit=3.1.20191231=he28a2e2_2
  - libev=4.33=hd590300_2
  - libffi=3.4.2=h7f98852_5
  - libgcc-ng=13.2.0=h807b86a_5
  - libgettextpo=0.22.5=h59595ed_2
  - libgettextpo-devel=0.22.5=h59595ed_2
  - libgomp=13.2.0=h807b86a_5
  - libhwloc=2.10.0=default_h2fb2949_1000
  - libiconv=1.17=hd590300_2
  - libnghttp2=1.58.0=h47da74e_1
  - libnsl=2.0.1=hd590300_0
  - libsqlite=3.45.2=h2797004_0
  - libssh2=1.11.0=h0841786_0
  - libstdcxx-ng=13.2.0=h7e041cc_5
  - libuuid=2.38.1=h0b41bf4_0
  - libxcrypt=4.4.36=hd590300_1
  - libxml2=2.12.6=h232c23b_1
  - libzlib=1.2.13=hd590300_5
  - minimap2=2.28=he4a0461_0
  - mpfr=4.2.1=h9458935_1
  - mypy_extensions=1.0.0=pyha770c72_0
  - ncurses=6.4.20240210=h59595ed_0
  - openssl=3.2.1=hd590300_1
  - pbzip2=1.1.13=h1fcc475_2
  - perl=5.32.1=7_hd590300_perl5
  - pigz=2.8=h2797004_0
  - pip=24.0=pyhd8ed1ab_0
  - platformdirs=4.2.0=pyhd8ed1ab_0
  - pockets=0.9.1=py_0
  - pycparser=2.22=pyhd8ed1ab_0
  - python=3.10.14=hd12c33a_0_cpython
  - python-isal=1.6.1=py310h2372a71_0
  - python-zlib-ng=0.4.2=py310ha5dcb8a_0
  - python_abi=3.10=4_cp310
  - readline=8.2=h8228510_1
  - samtools=1.20=h50ea8bc_0
  - setuptools=69.5.1=pyhd8ed1ab_0
  - six=1.16.0=pyh6c4a22f_0
  - sniffio=1.3.1=pyhd8ed1ab_0
  - sphinxcontrib-napoleon=0.7=py_0
  - tbb=2021.12.0=h00ab1b0_0
  - tk=8.6.13=noxft_h4845f30_101
  - tqdm=4.66.2=pyhd8ed1ab_0
  - typing_extensions=4.11.0=pyha770c72_0
  - typing_inspect=0.9.0=pyhd8ed1ab_0
  - tzdata=2024a=h0c530f3_0
  - wheel=0.43.0=pyhd8ed1ab_1
  - xopen=2.0.1=py310hff52083_0
  - xz=5.2.6=h166bdaf_0
  - zlib=1.2.13=hd590300_5
  - zlib-ng=2.0.7=h0b41bf4_0
  - zstandard=0.22.0=py310h1275a96_0
  - zstd=1.5.5=hfc55251_0
prefix: /home/acv38/project/conda_envs/hostile
