name: /home/acv38/project/conda_envs/shovill
channels:
  - conda-forge
  - bioconda
dependencies:
  - _libgcc_mutex=0.1=conda_forge
  - _openmp_mutex=4.5=2_gnu
  - _sysroot_linux-64_curr_repodata_hack=3=h69a702a_14
  - alsa-lib=1.2.11=hd590300_1
  - bwa=0.7.17=he4a0461_11
  - bzip2=1.0.8=hd590300_5
  - c-ares=1.28.1=hd590300_0
  - ca-certificates=2024.2.2=hbcca054_0
  - cairo=1.18.0=h3faef2a_0
  - expat=2.6.2=h59595ed_0
  - flash=1.2.11=h27826a3_0
  - font-ttf-dejavu-sans-mono=2.37=hab24e00_0
  - font-ttf-inconsolata=3.000=h77eed37_0
  - font-ttf-source-code-pro=2.038=h77eed37_0
  - font-ttf-ubuntu=0.83=h77eed37_1
  - fontconfig=2.14.2=h14ed4e7_0
  - fonts-conda-ecosystem=1=0
  - fonts-conda-forge=1=0
  - freetype=2.12.1=h267a509_2
  - giflib=5.2.1=h0b41bf4_3
  - graphite2=1.3.13=h59595ed_1003
  - harfbuzz=8.3.0=h3d44ed6_0
  - htslib=1.19.1=h81da01d_2
  - icu=73.2=h59595ed_0
  - kernel-headers_linux-64=3.10.0=h4a8ded7_14
  - keyutils=1.6.1=h166bdaf_0
  - kmc=3.2.1=hf1761c0_2
  - krb5=1.21.2=h659d440_0
  - lcms2=2.15=h7f713cb_2
  - ld_impl_linux-64=2.40=h41732ed_0
  - lerc=4.0.0=h27087fc_0
  - libcups=2.3.3=h4637d8d_4
  - libcurl=8.7.1=hca28451_0
  - libdeflate=1.18=h0b41bf4_0
  - libedit=3.1.20191231=he28a2e2_2
  - libev=4.33=hd590300_2
  - libexpat=2.6.2=h59595ed_0
  - libffi=3.4.2=h7f98852_5
  - libgcc-ng=13.2.0=h807b86a_5
  - libglib=2.80.0=hf2295e7_1
  - libgomp=13.2.0=h807b86a_5
  - libiconv=1.17=hd590300_2
  - libjpeg-turbo=2.1.5.1=hd590300_1
  - libnghttp2=1.58.0=h47da74e_1
  - libnsl=2.0.1=hd590300_0
  - libpng=1.6.43=h2797004_0
  - libsqlite=3.45.2=h2797004_0
  - libssh2=1.11.0=h0841786_0
  - libstdcxx-ng=13.2.0=h7e041cc_5
  - libtiff=4.6.0=h8b53f26_0
  - libuuid=2.38.1=h0b41bf4_0
  - libwebp-base=1.3.2=hd590300_0
  - libxcb=1.15=h0b41bf4_0
  - libxcrypt=4.4.36=hd590300_1
  - libzlib=1.2.13=hd590300_5
  - lighter=1.1.2=hdcf5f25_6
  - llvm-openmp=8.0.1=hc9558a2_0
  - megahit=1.2.9=h43eeafb_5
  - ncurses=6.4.20240210=h59595ed_0
  - openjdk=20.0.2=hfea2f88_1
  - openmp=8.0.1=0
  - openssl=3.2.1=hd590300_1
  - pcre2=10.43=hcad00b1_0
  - perl=5.32.1=7_hd590300_perl5
  - perl-file-spec=3.48_01=pl5321hdfd78af_2
  - perl-findbin=1.51=pl5321hdfd78af_3
  - pigz=2.8=h2797004_0
  - pilon=1.24=hdfd78af_0
  - pip=24.0=pyhd8ed1ab_0
  - pixman=0.43.2=h59595ed_0
  - pthread-stubs=0.4=h36c2ea0_1001
  - python=3.12.2=hab00c5b_0_cpython
  - readline=8.2=h8228510_1
  - samclip=0.4.0=hdfd78af_1
  - samtools=1.19.2=h50ea8bc_1
  - seqtk=1.4=he4a0461_2
  - setuptools=69.2.0=pyhd8ed1ab_0
  - shovill=1.1.0=hdfd78af_1
  - skesa=2.5.1=hdcf5f25_0
  - spades=3.15.5=h95f258a_1
  - sysroot_linux-64=2.17=h4a8ded7_14
  - tk=8.6.13=noxft_h4845f30_101
  - trimmomatic=0.39=hdfd78af_2
  - tzdata=2024a=h0c530f3_0
  - velvet=1.2.10=he4a0461_6
  - wheel=0.43.0=pyhd8ed1ab_1
  - xorg-fixesproto=5.0=h7f98852_1002
  - xorg-inputproto=2.3.2=h7f98852_1002
  - xorg-kbproto=1.0.7=h7f98852_1002
  - xorg-libice=1.1.1=hd590300_0
  - xorg-libsm=1.2.4=h7391055_0
  - xorg-libx11=1.8.7=h8ee46fc_0
  - xorg-libxau=1.0.11=hd590300_0
  - xorg-libxdmcp=1.1.3=h7f98852_0
  - xorg-libxext=1.3.4=h0b41bf4_2
  - xorg-libxfixes=5.0.3=h7f98852_1004
  - xorg-libxi=1.7.10=h7f98852_0
  - xorg-libxrender=0.9.11=hd590300_0
  - xorg-libxt=1.3.0=hd590300_1
  - xorg-libxtst=1.2.3=h7f98852_1002
  - xorg-recordproto=1.14.2=h7f98852_1002
  - xorg-renderproto=0.11.1=h7f98852_1002
  - xorg-xextproto=7.3.0=h0b41bf4_1003
  - xorg-xproto=7.0.31=h7f98852_1007
  - xz=5.2.6=h166bdaf_0
  - zlib=1.2.13=hd590300_5
  - zstd=1.5.5=hfc55251_0
prefix: /home/acv38/project/conda_envs/shovill
